	27.S17	50.S17	5.S17	173.S17	196.S17	88.S17	160.S17	93.S17	210.S17	59.S17	136.S17	163.S17	148.S17	121.S17	146.S17	174.S17	154.S17	147.S17	122.S17	90.S17	171.S17	CON27.S17	209.S17	14.S17	144.S17	186.S17	66.S17	24.S17	150.S17	118.S17	3.S17	53.S17	166.S17	21.S17	116.S17	35.S17	32.S17	112.S17	161.S17	141.S17	180.S17	103.S17	129.S17	169.S17	CON8.S17	86.S17	98.S17	39.S17	CON7.S17	7.S17	137.S17	87.S17	155.S17	94.S17	143.S17	164.S17	51.S17	33.S17	198.S17	191.S17	179.S17	135.S17	74.S17	99.S17	114.S17	216.S17	92.S17	91.S17	127.S17	167.S17	48.S17	138.S17	43.S17	184.S17	134.S17	190.S17	139.S17	26.S17	201.S17	55.S17	140.S17	123.S17	120.S17	193.S17	102.S17	181.S17	199.S17	54.S17	170.S17	183.S17	29.S17	4.S17	64.S17	58.S17	12.S17	189.S17	25.S17	72.S17	152.S17	CON1.S17	165.S17	62.S17	61.S17	68.S17	142.S17	31.S17	128.S17	85.S17	117.S17	95.S17	182.S17	101.S17	124.S17	156.S17	168.S17	194.S17	89.S17	145.S17	CON25.S17	206.S17	1.S17	178.S17	211.S17	110.S17	70.S17	109.S17	203.S17	153.S17	96.S17
27.S17	0.0	0.700757500232	0.757182512063	0.747393279087	0.723433472824	0.771332611784	0.743886506959	0.836377542279	0.69890718595	0.692794689036	0.738167614384	0.754691059847	0.806787536792	0.733532841616	0.785441082491	0.683027107384	0.734733646507	0.801778226335	0.721079775591	0.776856387848	0.69521819552	0.818138814959	0.706005834114	0.757748879758	0.819265143662	0.737812410563	0.702672468023	0.666425920596	0.725933491521	0.723853652821	0.701453251109	0.64778816933	0.704453261628	0.620786743661	0.749726167243	0.695311463409	0.696185003602	0.756054549895	0.77414781777	0.753599076962	0.728893710273	0.714133644738	0.742236632616	0.663679278371	0.719812681778	0.782367249878	0.790906554146	0.665373676549	0.713764412819	0.685643186891	0.685349812499	0.750579790754	0.696702708695	0.831397402713	0.702918448893	0.713388663655	0.675273208917	0.737669697896	0.736955357232	0.706193073963	0.754127517059	0.700196306934	0.714881610913	0.748279387225	0.775702567616	0.81264591311	0.841884181358	0.826339490306	0.798943729103	0.740518722564	0.700360813413	0.731750080567	0.709869261822	0.740620092787	0.766442128315	0.760029774952	0.707962074144	0.684705333996	0.740784008118	0.747422629703	0.700453697122	0.739850256639	0.693896849006	0.719360139269	0.754991865191	0.728748124556	0.699392711607	0.734826539148	0.758830394273	0.738939559646	0.714901939372	0.74283575154	0.703317254005	0.772763630928	0.720655082568	0.756888400198	0.748220981853	0.748761038264	0.794655548048	0.74127492776	0.678557507081	0.750223806618	0.714962842414	0.826765124697	0.738980078137	0.660333504853	0.734800445795	0.804319522805	0.757117542585	0.814351304233	0.753131203485	0.752730887499	0.807116021488	0.708774441679	0.777105005243	0.765325030723	0.826331438611	0.805117083077	0.7144040555	0.750201365033	0.787030629917	0.778839374031	0.811423820544	0.783736831117	0.686518751262	0.698564032909	0.812878755198	0.804401017802	0.853209819123
50.S17	0.700757500232	0.0	0.801798545385	0.721036086442	0.724715684957	0.785661476554	0.720892235474	0.842296991804	0.740150376463	0.660259300558	0.677660426528	0.694907596436	0.75980297163	0.696205108284	0.711741762188	0.679479044346	0.701670424808	0.761296169864	0.66882135392	0.728798219387	0.675524594287	0.857722620625	0.70519909726	0.750199850368	0.763187930891	0.681009071052	0.765951548457	0.679475151521	0.718785876929	0.696811088645	0.725445771651	0.693834694008	0.656230577971	0.682766195437	0.763841100992	0.738603748059	0.714933809662	0.715134302005	0.720855199174	0.727423287956	0.711208227487	0.716360416644	0.747355454171	0.650501723795	0.763016623978	0.759838257909	0.781724147543	0.72686627685	0.761287754419	0.664416671808	0.716412528751	0.732285766425	0.689184007731	0.806414158594	0.715759752442	0.683184784976	0.69120438723	0.774001333855	0.744580847344	0.680987145476	0.730842822436	0.705220207523	0.716367480595	0.743060527906	0.728917122202	0.859605459902	0.8174248714	0.79101439207	0.779794909609	0.667495943727	0.654594532805	0.73393565323	0.759056627501	0.681054579266	0.72557702109	0.741995733805	0.698465696582	0.664578906478	0.69379799585	0.723606137449	0.683229558312	0.693541248845	0.677531163803	0.716832049321	0.746844424943	0.690776651388	0.716493822622	0.718487335472	0.686770465897	0.764398561535	0.743012817352	0.724393126178	0.689176391303	0.82329199545	0.761364889065	0.701622464578	0.795441888119	0.796228637776	0.750470219007	0.77768589362	0.679765596267	0.712540700349	0.726449960528	0.874977281985	0.732421223245	0.724018461747	0.74465162118	0.78150998283	0.761741826146	0.785628252748	0.713714694311	0.768275447292	0.785364673096	0.707139240594	0.758562716002	0.783370132678	0.810648225618	0.797320847879	0.798109663436	0.825277961613	0.78739693051	0.735151121453	0.857301135502	0.769614697161	0.706812283275	0.700419704684	0.846303307032	0.813717390151	0.839784429792
5.S17	0.757182512063	0.801798545385	0.0	0.83805609293	0.801527428556	0.839796099944	0.844385550421	0.904256610535	0.81889710212	0.829280155642	0.811163380849	0.864791492594	0.887328339325	0.804658344019	0.850904520265	0.808421989905	0.852418365748	0.882626768817	0.816335226659	0.858663444297	0.805052134654	0.851355686553	0.824808993572	0.805192798733	0.889128892509	0.843452957833	0.788172398368	0.841397317061	0.818945890308	0.818782500822	0.810069893324	0.725589968961	0.849217151445	0.785117314662	0.821236931857	0.742321365923	0.819590592622	0.830533062004	0.883932607365	0.774780203702	0.815572984404	0.800935784949	0.85528429736	0.811355320913	0.717779754394	0.843103472651	0.820345306705	0.742262401067	0.735223440751	0.796441391994	0.722197206047	0.853525558956	0.821301246897	0.905722328165	0.807190922803	0.835134678813	0.807455118858	0.708903394454	0.826182220835	0.828062288712	0.832868316897	0.797389754846	0.827880965937	0.805361685978	0.827916334946	0.869721932701	0.856557493612	0.884708799959	0.85046155979	0.852227228503	0.817668001262	0.818463338545	0.761984914194	0.850987496279	0.838644708002	0.838751400115	0.811324846928	0.819983180414	0.821300641118	0.842675704338	0.818444591457	0.820800208058	0.825906075726	0.832467359446	0.80181493842	0.823112742236	0.839643498551	0.788328809737	0.855436940005	0.819422390157	0.803588868845	0.853474527593	0.83457473291	0.727152874468	0.802950557516	0.856811886825	0.765759771346	0.820912628034	0.853251726874	0.749291736843	0.800495214226	0.844632710719	0.810391163686	0.807521395124	0.807193813984	0.765570404497	0.81360328829	0.871791944598	0.823997335177	0.874475385409	0.818958655682	0.833809351949	0.835800991631	0.800388855335	0.836836036738	0.805920012918	0.876389530877	0.814010207153	0.805189641266	0.700103423468	0.841447163899	0.86298636073	0.810034332474	0.849885817559	0.780427011027	0.799281848272	0.831668258176	0.79095644859	0.915068216697
173.S17	0.747393279087	0.721036086442	0.83805609293	0.0	0.653046409878	0.731797694512	0.644312214676	0.786277605339	0.707214313724	0.72851648402	0.650497211167	0.628363059629	0.685519091536	0.680844605888	0.691540961996	0.669220736137	0.662297358695	0.695378285028	0.660854024007	0.68647387839	0.67266555964	0.740262384446	0.627975596812	0.7311797136	0.706908790973	0.63428940824	0.783438900141	0.683626259979	0.663032194868	0.676340676107	0.672829983977	0.766203843563	0.659396535192	0.701926438506	0.738855245258	0.796255700317	0.725689561597	0.70598668852	0.691143893238	0.744793913739	0.675690964145	0.757933185709	0.79163795145	0.706488884142	0.82106782427	0.743060988873	0.788465470746	0.753650589036	0.821295266233	0.706162659542	0.773472345553	0.715683137814	0.678147835677	0.77538423552	0.725715959817	0.673066582823	0.696614589907	0.814446886963	0.627465253591	0.655202277327	0.650706306459	0.72984014738	0.719525081165	0.740513675358	0.683354935446	0.75695013455	0.787732473436	0.752844560851	0.711068861453	0.616876804458	0.683746971175	0.723468219522	0.792629690276	0.668282073911	0.720448286162	0.650261579864	0.692267445378	0.652687069746	0.639333251951	0.687980016257	0.691371656224	0.676085063187	0.686618456407	0.614977427785	0.708676166069	0.675425527101	0.678941118338	0.713679765955	0.645331788169	0.708299555971	0.721031886275	0.662978249081	0.683209421166	0.81231480362	0.732744423214	0.64286918952	0.784063143067	0.751500918301	0.668224342866	0.813949187624	0.734857696159	0.687542827761	0.70675614559	0.862755724129	0.709646265994	0.703960570173	0.704594625107	0.734173926059	0.732843088498	0.758749240306	0.648673539521	0.8069828722	0.719071775002	0.650060872551	0.64858630723	0.725524679212	0.743614275942	0.725781011576	0.77093939372	0.838273420978	0.75399768859	0.632239749422	0.767009909093	0.735096103798	0.688336130673	0.706611969783	0.75401432704	0.749097981869	0.7874732892
196.S17	0.723433472824	0.724715684957	0.801527428556	0.653046409878	0.0	0.699019617925	0.666766449966	0.733773326848	0.675907676548	0.733604030149	0.632483664411	0.706454905493	0.738720669893	0.679277297674	0.708079085691	0.709056558758	0.724202068835	0.722858134213	0.654388493792	0.677039001556	0.681393199258	0.744439051986	0.655725299699	0.700953766909	0.770464683381	0.649008317136	0.751655919427	0.656485326245	0.672579277874	0.679059696456	0.689021908445	0.740513709999	0.701928994271	0.697036982158	0.730208191105	0.785966150486	0.690487610709	0.713764984638	0.717565352457	0.725595348941	0.685511920434	0.702571783593	0.735580447303	0.727930921346	0.814731527544	0.713395448441	0.758677246539	0.735825891161	0.800632339417	0.704465840117	0.747580015789	0.694401274907	0.727192576516	0.745617343009	0.680397921139	0.725019509681	0.695370518193	0.806726197283	0.659665009261	0.662695999543	0.655924187537	0.697679800553	0.692706702177	0.708978024668	0.648808154166	0.734114063629	0.75589310211	0.735329349942	0.661514059886	0.668877675955	0.730985104709	0.710168848009	0.769534351212	0.67985087737	0.742451630394	0.680371325386	0.708362159517	0.676064026755	0.628824155668	0.675310200504	0.676908621116	0.652175277132	0.668844892441	0.636366156283	0.696327744654	0.697079339018	0.631222337602	0.737167169729	0.670110675268	0.673026034852	0.691849841829	0.687342450717	0.665606845225	0.781483815857	0.699428809573	0.692681739629	0.740691984182	0.709811669981	0.690650663194	0.813343202775	0.759395162886	0.674126406775	0.689529988901	0.819304606703	0.658712987446	0.704165321325	0.632933442963	0.697360409636	0.680674652019	0.713152906251	0.691943247349	0.774581680026	0.661099267047	0.670551143801	0.683393544963	0.699251500293	0.693641195487	0.747383548682	0.713818361771	0.822111060393	0.701480354841	0.692144466395	0.736299085007	0.691293999056	0.701038089547	0.688715071115	0.704182556708	0.734046544469	0.755215061228
88.S17	0.771332611784	0.785661476554	0.839796099944	0.731797694512	0.699019617925	0.0	0.744844920953	0.744228206689	0.736980699914	0.790065283439	0.692685399257	0.792928384948	0.794360958787	0.720876578689	0.783446057292	0.794839153078	0.780313873071	0.768713972925	0.665226347674	0.715629551412	0.743531395867	0.794850611607	0.769351716366	0.724839229848	0.824497085046	0.751806489802	0.777346507707	0.70791681418	0.740575215457	0.754415570979	0.731448539753	0.804674746423	0.786923400429	0.773189153001	0.767938494008	0.848770251196	0.759811801394	0.746580359588	0.799154398389	0.763452620129	0.728669147959	0.740864113931	0.75263523983	0.81045445961	0.864498519764	0.698052199791	0.738960533202	0.786115501568	0.857284664133	0.751257516723	0.813993439753	0.738929342355	0.803760738239	0.775628332085	0.702112108985	0.789931144797	0.761177176535	0.865904752371	0.721979935587	0.747784691472	0.73708412039	0.726967634632	0.7239926458	0.730352921279	0.745101454582	0.735134289533	0.719310806295	0.743571419574	0.666311963815	0.777927748732	0.76931597448	0.688902410986	0.833271937028	0.76843937886	0.791614031182	0.737526622923	0.703896655252	0.739437065533	0.703756215569	0.7101155138	0.740071390164	0.675961675427	0.703912780748	0.711928362785	0.692647384995	0.778905150722	0.726173213859	0.737368493909	0.76070717306	0.766531627246	0.7300168277	0.712074134117	0.755371506674	0.793380386674	0.669754047838	0.771969089864	0.740022868944	0.725040288095	0.744094593721	0.863098877878	0.822072190298	0.759323949146	0.732666102448	0.827310347799	0.686406481772	0.755408329389	0.660560843106	0.717475811309	0.673867565454	0.719994895444	0.773935584676	0.800018482356	0.655988787099	0.734190665698	0.78922621457	0.733578330102	0.704902350468	0.767059657665	0.700075902162	0.873016394321	0.708444050449	0.758483070111	0.778430968461	0.686315005732	0.766326684297	0.718308453687	0.763292170309	0.792759325699	0.75429924236
160.S17	0.743886506959	0.720892235474	0.844385550421	0.644312214676	0.666766449966	0.744844920953	0.0	0.802420584454	0.72947051877	0.749512740633	0.680047855172	0.658301889259	0.688531844826	0.71316485612	0.688309255423	0.676677058602	0.669927988851	0.672190272238	0.667818714055	0.706797003394	0.679902485622	0.786835435953	0.686479567724	0.738101731939	0.712711478288	0.65833166426	0.787837032726	0.692963907678	0.644681602473	0.702887298124	0.706041127829	0.767077594502	0.665124294543	0.728387792697	0.756017956114	0.794884300535	0.729201657591	0.706633382319	0.672948117641	0.769949931941	0.705171811798	0.765561034961	0.780561185297	0.701203550235	0.818795564622	0.755025258541	0.801509897186	0.762021163285	0.824475639629	0.68744343584	0.781696824271	0.738573775584	0.673766581355	0.76441388002	0.742822524973	0.709293658559	0.729897475755	0.814406202134	0.68055937504	0.689390369046	0.685966177848	0.730343392716	0.708161681784	0.745796972335	0.714359336662	0.774930362291	0.780471695115	0.764334575166	0.740594482452	0.658475912811	0.682111726269	0.73270742418	0.795296680361	0.692588087847	0.74994177302	0.668891541466	0.714615758627	0.697210906353	0.641767497374	0.709502036174	0.713218384346	0.713559855945	0.703136114342	0.66600099289	0.743774012085	0.660113919971	0.677885801359	0.714913176726	0.666567037032	0.726125298718	0.757691559172	0.70977278366	0.694117068432	0.825879593004	0.758387052377	0.693805790326	0.792294605759	0.754281352279	0.676607762151	0.827494834634	0.742077672003	0.703786053042	0.716951708705	0.870166976486	0.725149649844	0.732204066762	0.706573351646	0.766923219915	0.764187574494	0.766915477057	0.680410643022	0.820922905157	0.728364699224	0.665012075736	0.688604900602	0.749203264222	0.765420534899	0.748891103336	0.778753708442	0.835636327612	0.773500959571	0.640057646805	0.797823399238	0.741533942085	0.722239480397	0.714614281951	0.780119890854	0.771780536027	0.783584141957
93.S17	0.836377542279	0.842296991804	0.904256610535	0.786277605339	0.733773326848	0.744228206689	0.802420584454	0.0	0.794179382977	0.839573811239	0.788022935345	0.823464856928	0.817595006684	0.78744897289	0.8222957941	0.844991717682	0.837532404551	0.799313482763	0.778859851869	0.707113226572	0.830905564034	0.853595055824	0.821751250528	0.817337023367	0.844046654094	0.782041438162	0.877292687543	0.77892708749	0.786198926281	0.763906753849	0.784251163729	0.857722337702	0.834884057309	0.808469531073	0.764398294656	0.891399283471	0.810189638798	0.793002700865	0.807910288733	0.848235208223	0.811332776213	0.800800860662	0.772223463212	0.858761094911	0.912136241155	0.730644981786	0.837810093443	0.861938389064	0.910811219274	0.812767600042	0.860786581577	0.726065491323	0.854953987594	0.673421500241	0.789292764374	0.842200054309	0.827598935576	0.904943031286	0.808745691777	0.786854175068	0.757037641733	0.824840014878	0.816167020547	0.778831931352	0.75348518103	0.824454924415	0.699993898659	0.70972451028	0.726504896995	0.809254084059	0.836421919099	0.772713689383	0.88701987709	0.785626880136	0.821096307305	0.791606415305	0.794941238772	0.768131797453	0.796359831154	0.742835762363	0.749981446745	0.752991984806	0.773899867121	0.770279111793	0.763868720198	0.831883994987	0.752180223386	0.833646954481	0.770416419453	0.831938466671	0.803224955156	0.767458304685	0.755071863457	0.888932216844	0.786046664755	0.80170066889	0.84615058859	0.792214597102	0.797128293918	0.914946027864	0.867054356614	0.748307059029	0.775977958671	0.906569817159	0.769772032923	0.828394293965	0.740122404389	0.706213349904	0.755173125626	0.662089763839	0.839917857974	0.83859635098	0.761893654253	0.836918166688	0.815923080734	0.805728941908	0.644390971001	0.851589184006	0.756961753501	0.912577347795	0.776223608633	0.795023450582	0.867267627484	0.714600446681	0.822693355151	0.798584362181	0.852855792764	0.865544285564	0.645872203089
210.S17	0.69890718595	0.740150376463	0.81889710212	0.707214313724	0.675907676548	0.736980699914	0.72947051877	0.794179382977	0.0	0.742260427711	0.710507979387	0.757450669109	0.796838938597	0.727317059485	0.784240892433	0.707802118435	0.749134905056	0.757309125402	0.728020929969	0.723939056124	0.724731543052	0.724273988721	0.69294155988	0.737236238306	0.813896877486	0.729181956017	0.707840820382	0.724411289678	0.707440800001	0.703972054831	0.705391055917	0.690022672612	0.729781340202	0.705835002196	0.739531858428	0.756887133358	0.727010176794	0.757426778877	0.77958363679	0.760805361957	0.706200993329	0.692238963823	0.742302971192	0.730016631826	0.760556338165	0.733015466113	0.751775656446	0.708140340771	0.770605223668	0.718930992048	0.749536183686	0.686916565275	0.738799472933	0.798235528426	0.70103789647	0.741829554509	0.713344957207	0.820043559107	0.707940969624	0.735803825643	0.731757463562	0.727144357056	0.739495088986	0.731707221779	0.7195796283	0.738887264461	0.778726439787	0.774614691823	0.731300151031	0.729980264961	0.738065128862	0.693098021501	0.729169462216	0.749091379873	0.755814821731	0.746962011927	0.698111385154	0.703502974702	0.713189488197	0.716125061911	0.687265952938	0.71002300624	0.705646594083	0.709954825397	0.708854289541	0.749685078605	0.706569929952	0.746384518468	0.763906239985	0.761483920506	0.750886667046	0.756274415781	0.711356904496	0.795648265863	0.723950272839	0.756506369828	0.777522061527	0.752750354446	0.736612933592	0.779065539277	0.737837808383	0.740480925949	0.726438754143	0.820777394651	0.716105812522	0.698302502385	0.677271996953	0.730878094301	0.726723649385	0.754504055787	0.744764384964	0.734982117809	0.700831264545	0.692110864944	0.73544102472	0.766583217938	0.78533045945	0.786182086074	0.697839139347	0.802496271089	0.732172774119	0.722557893159	0.739387736414	0.7216387698	0.687397047687	0.72589598145	0.780890445108	0.758862342671	0.801362169006
59.S17	0.692794689036	0.660259300558	0.829280155642	0.72851648402	0.733604030149	0.790065283439	0.749512740633	0.839573811239	0.742260427711	0.0	0.697997473539	0.745869584793	0.776827747632	0.699919694197	0.757378808671	0.704059430328	0.715210113826	0.773061624148	0.691660559297	0.738384382974	0.696481271181	0.83514965451	0.699567332793	0.738949166605	0.784236008572	0.697255318267	0.782994850575	0.66433638217	0.736121943616	0.724953328333	0.705057057526	0.677046654414	0.671434662693	0.697504292081	0.785367502151	0.704899935869	0.734653507168	0.745167547141	0.753193804789	0.728976396411	0.690486842406	0.724016615267	0.701030704959	0.625240214301	0.758430749079	0.767723301698	0.75178237539	0.732906483025	0.741908080602	0.711869177009	0.705379850432	0.713751895158	0.70764900395	0.813179924976	0.690117990205	0.654379771018	0.70553341911	0.755116026844	0.731727883792	0.711799823431	0.740509148798	0.697071976511	0.738039582879	0.750139442351	0.746619036095	0.848693203457	0.834085314958	0.80441816619	0.770571324035	0.697582851035	0.723597496108	0.748494569321	0.747289475743	0.702388914315	0.75091784961	0.75114044519	0.70759847504	0.680314422775	0.702612183208	0.731625382277	0.705171635001	0.697037567489	0.700818842237	0.696059410964	0.746037635693	0.724252293884	0.730685754817	0.712463911044	0.714111651849	0.725368471149	0.765533866757	0.704589159987	0.701739039662	0.798154894719	0.751270888599	0.718296567729	0.781779060964	0.78866968348	0.756643602503	0.784073840938	0.649236681178	0.746023916342	0.744188191758	0.871496327557	0.74364576025	0.739349385879	0.752450338814	0.773482172312	0.753829908822	0.805107694741	0.72203307251	0.721329446193	0.782526395794	0.705933185741	0.763970859515	0.795500148934	0.816907295182	0.765087859016	0.787123787378	0.822023718791	0.776352605828	0.744678503458	0.847560817872	0.762698924385	0.738959630761	0.730192686338	0.827496928867	0.818545097027	0.849633469445
136.S17	0.738167614384	0.677660426528	0.811163380849	0.650497211167	0.632483664411	0.692685399257	0.680047855172	0.788022935345	0.710507979387	0.697997473539	0.0	0.676519492383	0.73283417955	0.619629848902	0.697410140666	0.700905048257	0.715267254878	0.721967389976	0.59379105427	0.644313676842	0.65376831495	0.778487064452	0.671186699256	0.677879358723	0.751452719527	0.63768955231	0.745958455984	0.658672401377	0.658603721289	0.660961493071	0.640603368768	0.747970812133	0.674297499241	0.698941768974	0.728663837555	0.761491934098	0.691087029281	0.691143724535	0.720622296349	0.711589338304	0.636665785288	0.701190774	0.75074008558	0.712379760913	0.805958679385	0.723421894895	0.76268382122	0.732652036295	0.795690178722	0.679466890315	0.721391907337	0.705791859991	0.702721308227	0.748676757742	0.671749318617	0.715390460749	0.683731264427	0.804010941461	0.681700100372	0.654953624034	0.666744798296	0.661951898147	0.679584392794	0.72019371688	0.670429001906	0.754587269863	0.767774033061	0.747988391714	0.665606982959	0.660084357221	0.691532576395	0.662879380742	0.794072861193	0.683989772429	0.714097390288	0.665182148779	0.635625142571	0.656253144827	0.637129847072	0.669714789482	0.615088555762	0.55912355586	0.623177626248	0.63789272521	0.656470097318	0.673031774566	0.655066909446	0.671654999754	0.653940267891	0.678291430403	0.691595105825	0.654347669262	0.658909340453	0.778357004129	0.681425666691	0.669755697054	0.746234566947	0.74101613271	0.695855239762	0.806511676967	0.7341022651	0.691413684667	0.688961071923	0.832152444147	0.647755700691	0.673215037484	0.621238902341	0.719280040736	0.634163485682	0.727928165425	0.660403258449	0.804163848712	0.664828765853	0.652056729916	0.711620019623	0.719167963952	0.712256499824	0.721132425799	0.730283491927	0.830618622861	0.671953320612	0.676934956163	0.771570151288	0.666026164667	0.698424716967	0.660166850003	0.743051079605	0.755495117298	0.782569799056
163.S17	0.754691059847	0.694907596436	0.864791492594	0.628363059629	0.706454905493	0.792928384948	0.658301889259	0.823464856928	0.757450669109	0.745869584793	0.676519492383	0.0	0.626504323134	0.715483551087	0.616894895362	0.661346033178	0.61534102012	0.673228918717	0.681065428416	0.713492812564	0.667841239793	0.824703116228	0.685179931247	0.779064550858	0.624942778023	0.628377246083	0.813273290767	0.685118663232	0.684979708143	0.705638615323	0.699406156115	0.756117118844	0.604722064166	0.730333626953	0.775071993055	0.816938232298	0.734640275036	0.727328368758	0.62528407839	0.777934510014	0.725052503823	0.762419038332	0.802050511801	0.678748067069	0.835187306533	0.765465297098	0.815600255541	0.777550831544	0.824121284721	0.694023554127	0.793010780054	0.74705904876	0.606415037771	0.778505018582	0.75247118059	0.712449317309	0.694737505224	0.848064532599	0.689331669076	0.666022784737	0.69683245359	0.736904867331	0.709692061712	0.738327274501	0.726080506412	0.828412018094	0.814911204053	0.774974917646	0.756492740989	0.583484404862	0.676389328427	0.746172458446	0.819291625478	0.639610326772	0.732146075545	0.687320948654	0.709043357775	0.677735112394	0.685032103638	0.716167107676	0.687395348072	0.704963634827	0.676149806886	0.668170409471	0.765505911866	0.621746902997	0.669820670189	0.728975076541	0.640243924156	0.749516799266	0.753870726619	0.71187663721	0.682237068043	0.839162246714	0.770600491278	0.67025625801	0.81546164962	0.783358307552	0.681293514904	0.832362299889	0.725957781273	0.692022322519	0.729814217611	0.888831972273	0.730698807571	0.737634897203	0.726809492564	0.768301649978	0.769205253893	0.77846150137	0.660284992755	0.823859239479	0.776512452775	0.660724263031	0.687214215818	0.760126176784	0.795988762694	0.728670895843	0.806909866094	0.863723887815	0.799223713422	0.628247020346	0.84099541008	0.758671112889	0.73566894315	0.708512163873	0.832403173114	0.811467182663	0.807332398156
148.S17	0.806787536792	0.75980297163	0.887328339325	0.685519091536	0.738720669893	0.794360958787	0.688531844826	0.817595006684	0.796838938597	0.776827747632	0.73283417955	0.626504323134	0.0	0.755219067755	0.612719662618	0.724811472383	0.651310764865	0.673767118273	0.709442834936	0.735544245311	0.730616447312	0.823078828597	0.743701849286	0.79016676863	0.593737947174	0.671247162482	0.83909264176	0.720820030809	0.727360284962	0.766135174911	0.732037679336	0.830118621958	0.664839173188	0.779785232565	0.792013456605	0.862963995317	0.775145807992	0.740109594601	0.66958316723	0.81910028726	0.758417268076	0.804695901477	0.831956610393	0.745467893499	0.890009036539	0.788375286522	0.843552035079	0.832780280683	0.878482974798	0.748210728992	0.851403965212	0.783496883326	0.668544551409	0.789595984231	0.763597395395	0.740567260315	0.752987692578	0.882915292772	0.725416540091	0.724841762767	0.723965212766	0.784087980067	0.747488216799	0.785459973032	0.761281980953	0.817392951423	0.816418674323	0.794632353193	0.772108604405	0.640848966803	0.738486976185	0.776170899015	0.847203014074	0.668787863159	0.773619537919	0.740435385839	0.752837645486	0.707106328169	0.708988249182	0.737869056602	0.769306106378	0.752524139184	0.745199025788	0.710821535034	0.787358830208	0.683568222032	0.716051987928	0.764265535794	0.676716872952	0.769675320697	0.773796754402	0.720022861113	0.712216312388	0.861602791884	0.780282324761	0.718227325725	0.820959173607	0.799029900285	0.702356524932	0.872139464455	0.773701078876	0.734922096438	0.764443552183	0.90702450582	0.768317669546	0.788204239932	0.757664895332	0.789058424678	0.78673780845	0.796773006748	0.688142384746	0.860710232524	0.767621406931	0.702202977231	0.692815259129	0.794628282722	0.783024623647	0.723489290766	0.810463485134	0.894021730753	0.799724152858	0.631107087816	0.830149040576	0.791605618841	0.778650612008	0.752299738766	0.823689204573	0.810720180399	0.809028398423
121.S17	0.733532841616	0.696205108284	0.804658344019	0.680844605888	0.679277297674	0.720876578689	0.71316485612	0.78744897289	0.727317059485	0.699919694197	0.619629848902	0.715483551087	0.755219067755	0.0	0.718904831754	0.700129980005	0.714116147913	0.75020894906	0.618135480516	0.682102994374	0.70295482079	0.79774784388	0.685910520298	0.68921876414	0.760248559712	0.678930399205	0.749381718623	0.685927198007	0.689314619185	0.658523488283	0.639597728464	0.727972531735	0.68580176896	0.704570052725	0.717176418658	0.754623825488	0.689960042516	0.691940663198	0.74473124805	0.712822746406	0.681547030436	0.704358230313	0.775743555981	0.720432226888	0.795378516342	0.710503298754	0.708848210537	0.72132752345	0.784998675517	0.700004376679	0.713125247582	0.709219236678	0.724714101135	0.786815139639	0.709659148823	0.717799558176	0.689151629483	0.781861618071	0.689453056152	0.677655129296	0.702544112911	0.693254023244	0.70660471331	0.693786332672	0.694180260916	0.822268878135	0.77915446553	0.768258610566	0.725870540762	0.666259161256	0.684000322157	0.690527750279	0.772378297125	0.701284342393	0.740589873716	0.726914609145	0.618992757595	0.678941715965	0.671035564289	0.703922961042	0.649997362521	0.642445639849	0.613144451854	0.676560924222	0.662944345618	0.719986284679	0.688561411384	0.682326326838	0.703193038162	0.712544010874	0.713081892559	0.674562583657	0.696652415399	0.764015120748	0.712455908611	0.701938317752	0.73539917351	0.764868714607	0.726237554095	0.786128499295	0.752532046579	0.698263605615	0.691598719714	0.823525836383	0.674408918125	0.712089175092	0.683094151649	0.721300661632	0.683647694506	0.750246715749	0.700677041151	0.786582516609	0.712714218878	0.682270614006	0.72913625036	0.764858257573	0.773961978085	0.746399671039	0.768622159709	0.793393822134	0.705879606892	0.695807286344	0.802250758618	0.706775868077	0.697164670751	0.642943943416	0.772952615836	0.784931273661	0.81516251782
146.S17	0.785441082491	0.711741762188	0.850904520265	0.691540961996	0.708079085691	0.783446057292	0.688309255423	0.8222957941	0.784240892433	0.757378808671	0.697410140666	0.616894895362	0.612719662618	0.718904831754	0.0	0.709883064394	0.673512932717	0.687112278595	0.690281046072	0.712688819033	0.696125102388	0.828999973812	0.734926369573	0.787255576218	0.630862110789	0.650381357841	0.808538497619	0.725951545504	0.694414656125	0.733498383018	0.734006800983	0.794377395076	0.653264142175	0.761946905884	0.767639975032	0.829907893751	0.751029523865	0.738385832835	0.655749964755	0.795097287836	0.737252710842	0.769693817236	0.808594896753	0.713869294549	0.850016174673	0.764820688241	0.83528081131	0.801088159559	0.844581889032	0.734894604753	0.811980060311	0.760845277675	0.667994904306	0.784185083211	0.749922165759	0.740684092022	0.731113645367	0.854283908311	0.735421283216	0.69812023233	0.715303309898	0.755267127714	0.717049950115	0.758368448182	0.721240630653	0.827348189802	0.810638417068	0.781179531277	0.778265929128	0.624788162844	0.723827542892	0.749488839098	0.829229549339	0.664059493912	0.735740246099	0.712687673466	0.728434606462	0.695555383723	0.69684127825	0.718829565149	0.727210825191	0.73151774848	0.713162792809	0.71495935532	0.786476503459	0.669983367995	0.719143027475	0.737925186184	0.655255586898	0.759404251514	0.768808358819	0.7355018489	0.708042856828	0.847090219921	0.790596189928	0.698108992002	0.807377508914	0.801613100571	0.713598966994	0.832665097818	0.735824521476	0.716227465392	0.75354637572	0.887419084943	0.731868949912	0.757776747522	0.748078769677	0.765316015039	0.774758456209	0.783641320486	0.678811726688	0.83575174234	0.763024163458	0.683583431022	0.716290386712	0.776091723861	0.784170791219	0.720312597049	0.812385959428	0.873511483809	0.806159219319	0.677657782023	0.835596043572	0.77717125174	0.759209249248	0.720756236737	0.832561743932	0.813696501896	0.812230321128
174.S17	0.683027107384	0.679479044346	0.808421989905	0.669220736137	0.709056558758	0.794839153078	0.676677058602	0.844991717682	0.707802118435	0.704059430328	0.700905048257	0.661346033178	0.724811472383	0.700129980005	0.709883064394	0.0	0.657065614284	0.743531533895	0.688913693186	0.739840480591	0.640050773966	0.81508213771	0.65628029734	0.739194303691	0.734268000217	0.655347856812	0.755036190245	0.67840401941	0.682686116094	0.698767989234	0.707808420605	0.686376298899	0.651518631582	0.677285744603	0.736433997549	0.733931363961	0.694541582346	0.724572717603	0.706914133079	0.74377762005	0.708450762615	0.738786909728	0.754385623187	0.606632194847	0.749004815792	0.755136826164	0.788748367384	0.711083075567	0.750128119908	0.665472626464	0.705814224115	0.754641080133	0.611241485058	0.828013321064	0.73597647668	0.633017951348	0.68322082523	0.760653312129	0.697834336345	0.663495902254	0.710505815041	0.718252313938	0.693740816935	0.744902681637	0.733637217625	0.836246041072	0.832327479145	0.82089038383	0.786111137417	0.65015960264	0.669620177834	0.741974064263	0.740413003643	0.672626371484	0.697462645928	0.707372478611	0.685573437217	0.666407232226	0.678585996919	0.718316336397	0.68912207742	0.727152519876	0.681900465515	0.683631214702	0.745183938964	0.659551213327	0.684728767842	0.710907208782	0.680798478724	0.751248666746	0.754267754002	0.722303999304	0.697042205584	0.827239506722	0.774361611966	0.673087265411	0.795576741355	0.793241362649	0.74845746019	0.760928498441	0.686320290835	0.699698380226	0.714151374514	0.880820660554	0.721515266145	0.693385944109	0.743423204889	0.784364088895	0.775138449991	0.800439791455	0.68521254625	0.783256208974	0.787761684967	0.674731223369	0.713393910055	0.782229607081	0.822627820217	0.752280466379	0.800678869379	0.802343968542	0.796961274622	0.673872032354	0.822808037228	0.772173095529	0.691754238098	0.693073679662	0.830634669032	0.794129195398	0.847894681277
154.S17	0.734733646507	0.701670424808	0.852418365748	0.662297358695	0.724202068835	0.780313873071	0.669927988851	0.837532404551	0.749134905056	0.715210113826	0.715267254878	0.61534102012	0.651310764865	0.714116147913	0.673512932717	0.657065614284	0.0	0.686110465722	0.698765831217	0.741941443545	0.661383318571	0.808959184595	0.679988891621	0.755543353755	0.685855827373	0.670140785509	0.78368265822	0.684756166853	0.690779496822	0.747460337892	0.697568338064	0.759900700661	0.591229326106	0.725652458643	0.781527527139	0.781586766338	0.733779481222	0.712600728079	0.673831470715	0.778670021526	0.717338901407	0.752280275636	0.789258845189	0.669329240736	0.825040886593	0.77212928902	0.791506178118	0.746291342059	0.781347541019	0.710640069002	0.784957631856	0.752858734091	0.644972496962	0.803241179992	0.739750121482	0.686437876172	0.702504491809	0.812415366697	0.694683301367	0.699217995405	0.729327628495	0.741758810982	0.718896579446	0.757350596901	0.753234904437	0.828457344466	0.826208138546	0.796702115351	0.756511756005	0.637148422084	0.703353563965	0.776226189086	0.771255500038	0.679773569672	0.745157252781	0.716268977117	0.713615891499	0.696165134576	0.686479666514	0.731367631268	0.743977943607	0.72512337881	0.706519855023	0.65757417829	0.740818787121	0.66804396994	0.706324071473	0.713324854395	0.659576410886	0.744105933569	0.737238179771	0.701255282962	0.695454799138	0.814729620722	0.75755147842	0.699670667918	0.788816263144	0.769668182254	0.692232114743	0.792020193692	0.690894389941	0.72110949549	0.746147584607	0.873447740666	0.745159096588	0.724302154585	0.739969336778	0.791073550164	0.755237866559	0.805942689798	0.656831849634	0.800701609067	0.766647357908	0.671854216789	0.68517057973	0.775869820724	0.802444120718	0.74101489898	0.78201723851	0.843331430555	0.77734733	0.650143200222	0.829333938829	0.756746707286	0.729704352027	0.729482008214	0.813334145844	0.784649701339	0.838740581039
147.S17	0.801778226335	0.761296169864	0.882626768817	0.695378285028	0.722858134213	0.768713972925	0.672190272238	0.799313482763	0.757309125402	0.773061624148	0.721967389976	0.673228918717	0.673767118273	0.75020894906	0.687112278595	0.743531533895	0.686110465722	0.0	0.728428473326	0.731969144934	0.721427207736	0.763844650422	0.732467626634	0.791640368012	0.672919832281	0.677814673221	0.820187562879	0.735702272658	0.710259114435	0.756251237429	0.758707996943	0.815046464206	0.699824143356	0.780977010363	0.790545282938	0.862107127754	0.780213853831	0.752761781129	0.687340080792	0.822619622736	0.744452386739	0.812073917443	0.819300886534	0.760893633329	0.876503729638	0.79091633846	0.825115323196	0.819963493089	0.872469260017	0.758015999209	0.841881585907	0.770779478646	0.712099172008	0.795179584062	0.78352747603	0.74463307231	0.757040167544	0.875335511573	0.720100743832	0.743059628419	0.723803199819	0.773453040531	0.77532852842	0.772603558402	0.755805424655	0.763723410808	0.793100154626	0.765816388438	0.770319267002	0.679831628626	0.761348970627	0.771252252281	0.846814462598	0.725888283583	0.777023839182	0.730213876015	0.757924066162	0.733328578586	0.706184412399	0.727999537617	0.763503802983	0.754073369214	0.756431167179	0.702265267515	0.785989480548	0.705797724661	0.733732260921	0.756440482766	0.721633127692	0.772615268822	0.782918236819	0.742629895722	0.744518852744	0.853293914045	0.779847899349	0.730128578862	0.810465014979	0.793812939283	0.657275565083	0.859634535058	0.777394931815	0.730623696214	0.770239780299	0.898374020086	0.756542390175	0.783932437055	0.747241747653	0.777746187038	0.775571897559	0.78276009033	0.696015753042	0.860432138524	0.760592347333	0.691493791312	0.689944372722	0.787244949111	0.769850447923	0.755065609471	0.786068098482	0.888517573265	0.804959731339	0.649066850162	0.787362085603	0.785860679081	0.771202285839	0.786783536888	0.795857424442	0.76609272289	0.794211236829
122.S17	0.721079775591	0.66882135392	0.816335226659	0.660854024007	0.654388493792	0.665226347674	0.667818714055	0.778859851869	0.728020929969	0.691660559297	0.59379105427	0.681065428416	0.709442834936	0.618135480516	0.690281046072	0.688913693186	0.698765831217	0.728428473326	0.0	0.623369282484	0.683165397078	0.78784828077	0.675451342636	0.69767410747	0.742998439257	0.640149521644	0.73746701296	0.622915538306	0.649275621737	0.67757261208	0.633294782674	0.733052763006	0.671629410175	0.689829657806	0.722743317499	0.783787444538	0.695734475462	0.670413989105	0.702833727531	0.741597211158	0.646827940331	0.698868165343	0.733841411541	0.703385460065	0.812878209065	0.71309330552	0.71632504418	0.734181967243	0.800145567659	0.661647943594	0.746865122737	0.68361546241	0.705292343896	0.737439341616	0.679358252765	0.72844063548	0.662940309888	0.822848183983	0.678070187036	0.637868429157	0.674755013605	0.654141549659	0.667472855334	0.673252552285	0.66669816863	0.784613671471	0.756196336322	0.734889325907	0.663281953353	0.670533063649	0.667299176661	0.676877912227	0.794503255891	0.664072121238	0.715797049307	0.684216462462	0.620897780746	0.65000052006	0.583156601676	0.655679912824	0.628498533413	0.598663533606	0.598390860575	0.64132147984	0.646896561313	0.667095604082	0.643203238531	0.648499587012	0.662999731853	0.690191228817	0.661364388911	0.657731809181	0.650688386193	0.777217403529	0.695627328482	0.685271594518	0.724102180745	0.6819942977	0.706479646914	0.816320416673	0.754876398723	0.667607855121	0.667278546466	0.83995961594	0.639411865062	0.687632223561	0.626262307665	0.719501314689	0.650496332537	0.72609632774	0.67067681814	0.778334886719	0.673767024533	0.666999291589	0.70400741081	0.7106014381	0.717256384566	0.738158702048	0.711026767682	0.826697718197	0.702125625568	0.668264021362	0.799784157895	0.677266608414	0.704774960141	0.626588994571	0.751440782764	0.771640647715	0.769718086526
90.S17	0.776856387848	0.728798219387	0.858663444297	0.68647387839	0.677039001556	0.715629551412	0.706797003394	0.707113226572	0.723939056124	0.738384382974	0.644313676842	0.713492812564	0.735544245311	0.682102994374	0.712688819033	0.739840480591	0.741941443545	0.731969144934	0.623369282484	0.0	0.734913498594	0.815905895373	0.706842172424	0.755917785313	0.756786993978	0.674751677744	0.807744461676	0.697391559943	0.686339265772	0.697316465441	0.682849546861	0.78606204133	0.700763467461	0.73319502971	0.716333955586	0.825418687901	0.713721608129	0.70031648051	0.709953893798	0.765459784992	0.706964998394	0.713463819834	0.778439964404	0.751997713772	0.854373910272	0.700171616055	0.754662746543	0.794669737849	0.837753927595	0.712212350525	0.805888856377	0.623634599338	0.755297256305	0.692408039843	0.714551833519	0.757565904776	0.723969942933	0.851460075208	0.704325928681	0.696330314216	0.673024493777	0.728750804894	0.707294115102	0.683846833265	0.678104674077	0.783363456163	0.688586915675	0.671813485246	0.669238353627	0.707753590803	0.721989649937	0.686706811421	0.832784152743	0.686753361897	0.728592242645	0.714159756647	0.678467920417	0.696200122269	0.67515654295	0.65509137592	0.644408904962	0.629188306964	0.654698034428	0.692132896012	0.686953377175	0.715606946384	0.65143010412	0.70798717558	0.667661734809	0.729197222971	0.728467014606	0.688989364316	0.641888981286	0.818020906461	0.748458652198	0.697757090554	0.788705144655	0.758192326579	0.717833346211	0.846502949919	0.784006229382	0.643787184452	0.728898346233	0.87787887555	0.682670046895	0.745030986722	0.6618715365	0.667497431198	0.67417307864	0.654320690315	0.729115804615	0.806598155819	0.676673911159	0.732912004469	0.723114479584	0.753183945091	0.64623421957	0.780331586797	0.76286122044	0.859409042623	0.740196252064	0.709200617326	0.813400855186	0.683308445259	0.736625892863	0.699426670972	0.790579912945	0.798972504221	0.693894874162
